16 16
   811 -14845      0   3074   5199  12031      0      0      0  -4258      0      0      0      0      0      0 
     0  10399 -11564  -6908  12519   9775      0      0      0      0      0      0      0   8525      0  14451 
 -9141  -3399 -13557  -9032      0   4623      0   8382  -6918      0      0   1159      0      0      0      0 
     0      0      0  -5196      0  -1794      0      0      0      0      0      0      0 -13175      0      0 
 -8377  14296      0      0      0 -12591 -14286  -3293      0   5315      0      0      0      0      0      0 
     0      0   8434      0      0      0 -12714  -2647      0      0      0      0      0      0      0      0 
     0      0      0      0      0      0 -12674      0      0      0  12357  -7115      0      0      0      0 
     0      0      0   9974      0      0 -14756      0     20      0      0      0   -337  13519      0      0 
 -5316      0      0  -3738      0      0  -9730  -7836      0      0      0      0      0      0 -10618      0 
     0      0      0  -3933      0      0      0   6168      0      0  10037  -3449      0      0  -4521      0 
     0  10584      0      0  -7482      0      0    450 -14614      0      0      0      0      0      0      0 
     0   1351      0      0      0      0      0 -14207  11227  14600      0      0      0      0      0      0 
     0      0      0      0      0    732      0 -10989   9700      0   2100      0      0      0  -1676      0 
     0      0      0      0      0      0      0      0   5688      0      0      0      0      0      0      0 
     0      0      0      0      0      0      0      0   1806   2012  -8282   3907   4245   8115   3074  10841 
     0      0 -13419      0  -7134      0      0      0  13487  -4492      0      0      0      0  -1328 -80715 
